version https://git-lfs.github.com/spec/v1
oid sha256:c4abea5e00a4ef3cc524663d6f90ec5c501528a96ecc89e5fbf24264fdf98e11
size 97307
