version https://git-lfs.github.com/spec/v1
oid sha256:22236500c63a0f808e1361a95bf2f4e6ff8e18b52ba7b08c8f6d3a17bbf795a4
size 144786
